100 100
1 2 3 4 5 6 7 8 9 9 1 2 3 4 5 6 7 8 9 9 1 2 3 4 5 6 7 8 9 9 1 2 3 4 5 6 7 8 9 9 1 2 3 4 5 6 7 8 9 9 1 2 3 4 5 6 7 8 9 9 1 2 3 4 5 6 7 8 9 9 1 2 3 4 5 6 7 8 9 9 1 2 3 4 5 6 7 8 9 9 1 2 3 4 5 6 7 8 9 9 
4 2 6 1 2 3 4 5 6 7 4 2 6 1 2 3 4 5 6 7 4 2 6 1 2 3 4 5 6 7 4 2 6 1 2 3 4 5 6 7 4 2 6 1 2 3 4 5 6 7 4 2 6 1 2 3 4 5 6 7 4 2 6 1 2 3 4 5 6 7 4 2 6 1 2 3 4 5 6 7 4 2 6 1 2 3 4 5 6 7 4 2 6 1 2 3 4 5 6 7 
4 2 6 1 2 3 4 7 8 9 4 2 6 1 2 3 4 7 8 9 4 2 6 1 2 3 4 7 8 9 4 2 6 1 2 3 4 7 8 9 4 2 6 1 2 3 4 7 8 9 4 2 6 1 2 3 4 7 8 9 4 2 6 1 2 3 4 7 8 9 4 2 6 1 2 3 4 7 8 9 4 2 6 1 2 3 4 7 8 9 4 2 6 1 2 3 4 7 8 9 
1 5 3 4 2 3 4 7 8 9 1 5 3 4 2 3 4 7 8 9 1 5 3 4 2 3 4 7 8 9 1 5 3 4 2 3 4 7 8 9 1 5 3 4 2 3 4 7 8 9 1 5 3 4 2 3 4 7 8 9 1 5 3 4 2 3 4 7 8 9 1 5 3 4 2 3 4 7 8 9 1 5 3 4 2 3 4 7 8 9 1 5 3 4 2 3 4 7 8 9 
1 5 3 4 2 3 4 3 2 1 1 5 3 4 2 3 4 3 2 1 1 5 3 4 2 3 4 3 2 1 1 5 3 4 2 3 4 3 2 1 1 5 3 4 2 3 4 3 2 1 1 5 3 4 2 3 4 3 2 1 1 5 3 4 2 3 4 3 2 1 1 5 3 4 2 3 4 3 2 1 1 5 3 4 2 3 4 3 2 1 1 5 3 4 2 3 4 3 2 1 
9 8 7 4 2 3 4 3 2 1 9 8 7 4 2 3 4 3 2 1 9 8 7 4 2 3 4 3 2 1 9 8 7 4 2 3 4 3 2 1 9 8 7 4 2 3 4 3 2 1 9 8 7 4 2 3 4 3 2 1 9 8 7 4 2 3 4 3 2 1 9 8 7 4 2 3 4 3 2 1 9 8 7 4 2 3 4 3 2 1 9 8 7 4 2 3 4 3 2 1 
9 8 7 4 2 3 4 3 2 1 9 8 7 4 2 3 4 3 2 1 9 8 7 4 2 3 4 3 2 1 9 8 7 4 2 3 4 3 2 1 9 8 7 4 2 3 4 3 2 1 9 8 7 4 2 3 4 3 2 1 9 8 7 4 2 3 4 3 2 1 9 8 7 4 2 3 4 3 2 1 9 8 7 4 2 3 4 3 2 1 9 8 7 4 2 3 4 3 2 1 
9 8 7 4 2 3 7 9 1 4 9 8 7 4 2 3 7 9 1 4 9 8 7 4 2 3 7 9 1 4 9 8 7 4 2 3 7 9 1 4 9 8 7 4 2 3 7 9 1 4 9 8 7 4 2 3 7 9 1 4 9 8 7 4 2 3 7 9 1 4 9 8 7 4 2 3 7 9 1 4 9 8 7 4 2 3 7 9 1 4 9 8 7 4 2 3 7 9 1 4 
9 1 7 4 9 3 7 9 1 2 9 1 7 4 9 3 7 9 1 2 9 1 7 4 9 3 7 9 1 2 9 1 7 4 9 3 7 9 1 2 9 1 7 4 9 3 7 9 1 2 9 1 7 4 9 3 7 9 1 2 9 1 7 4 9 3 7 9 1 2 9 1 7 4 9 3 7 9 1 2 9 1 7 4 9 3 7 9 1 2 9 1 7 4 9 3 7 9 1 2 
9 1 7 4 9 2 7 9 1 1 9 1 7 4 9 2 7 9 1 1 9 1 7 4 9 2 7 9 1 1 9 1 7 4 9 2 7 9 1 1 9 1 7 4 9 2 7 9 1 1 9 1 7 4 9 2 7 9 1 1 9 1 7 4 9 2 7 9 1 1 9 1 7 4 9 2 7 9 1 1 9 1 7 4 9 2 7 9 1 1 9 1 7 4 9 2 7 9 1 1 
1 2 3 4 5 6 7 8 9 9 1 2 3 4 5 6 7 8 9 9 1 2 3 4 5 6 7 8 9 9 1 2 3 4 5 6 7 8 9 9 1 2 3 4 5 6 7 8 9 9 1 2 3 4 5 6 7 8 9 9 1 2 3 4 5 6 7 8 9 9 1 2 3 4 5 6 7 8 9 9 1 2 3 4 5 6 7 8 9 9 1 2 3 4 5 6 7 8 9 9 
4 2 6 1 2 3 4 5 6 7 4 2 6 1 2 3 4 5 6 7 4 2 6 1 2 3 4 5 6 7 4 2 6 1 2 3 4 5 6 7 4 2 6 1 2 3 4 5 6 7 4 2 6 1 2 3 4 5 6 7 4 2 6 1 2 3 4 5 6 7 4 2 6 1 2 3 4 5 6 7 4 2 6 1 2 3 4 5 6 7 4 2 6 1 2 3 4 5 6 7 
4 2 6 1 2 3 4 7 8 9 4 2 6 1 2 3 4 7 8 9 4 2 6 1 2 3 4 7 8 9 4 2 6 1 2 3 4 7 8 9 4 2 6 1 2 3 4 7 8 9 4 2 6 1 2 3 4 7 8 9 4 2 6 1 2 3 4 7 8 9 4 2 6 1 2 3 4 7 8 9 4 2 6 1 2 3 4 7 8 9 4 2 6 1 2 3 4 7 8 9 
1 5 3 4 2 3 4 7 8 9 1 5 3 4 2 3 4 7 8 9 1 5 3 4 2 3 4 7 8 9 1 5 3 4 2 3 4 7 8 9 1 5 3 4 2 3 4 7 8 9 1 5 3 4 2 3 4 7 8 9 1 5 3 4 2 3 4 7 8 9 1 5 3 4 2 3 4 7 8 9 1 5 3 4 2 3 4 7 8 9 1 5 3 4 2 3 4 7 8 9 
1 5 3 4 2 3 4 3 2 1 1 5 3 4 2 3 4 3 2 1 1 5 3 4 2 3 4 3 2 1 1 5 3 4 2 3 4 3 2 1 1 5 3 4 2 3 4 3 2 1 1 5 3 4 2 3 4 3 2 1 1 5 3 4 2 3 4 3 2 1 1 5 3 4 2 3 4 3 2 1 1 5 3 4 2 3 4 3 2 1 1 5 3 4 2 3 4 3 2 1 
9 8 7 4 2 3 4 3 2 1 9 8 7 4 2 3 4 3 2 1 9 8 7 4 2 3 4 3 2 1 9 8 7 4 2 3 4 3 2 1 9 8 7 4 2 3 4 3 2 1 9 8 7 4 2 3 4 3 2 1 9 8 7 4 2 3 4 3 2 1 9 8 7 4 2 3 4 3 2 1 9 8 7 4 2 3 4 3 2 1 9 8 7 4 2 3 4 3 2 1 
9 8 7 4 2 3 4 3 2 1 9 8 7 4 2 3 4 3 2 1 9 8 7 4 2 3 4 3 2 1 9 8 7 4 2 3 4 3 2 1 9 8 7 4 2 3 4 3 2 1 9 8 7 4 2 3 4 3 2 1 9 8 7 4 2 3 4 3 2 1 9 8 7 4 2 3 4 3 2 1 9 8 7 4 2 3 4 3 2 1 9 8 7 4 2 3 4 3 2 1 
9 8 7 4 2 3 7 9 1 4 9 8 7 4 2 3 7 9 1 4 9 8 7 4 2 3 7 9 1 4 9 8 7 4 2 3 7 9 1 4 9 8 7 4 2 3 7 9 1 4 9 8 7 4 2 3 7 9 1 4 9 8 7 4 2 3 7 9 1 4 9 8 7 4 2 3 7 9 1 4 9 8 7 4 2 3 7 9 1 4 9 8 7 4 2 3 7 9 1 4 
9 1 7 4 9 3 7 9 1 2 9 1 7 4 9 3 7 9 1 2 9 1 7 4 9 3 7 9 1 2 9 1 7 4 9 3 7 9 1 2 9 1 7 4 9 3 7 9 1 2 9 1 7 4 9 3 7 9 1 2 9 1 7 4 9 3 7 9 1 2 9 1 7 4 9 3 7 9 1 2 9 1 7 4 9 3 7 9 1 2 9 1 7 4 9 3 7 9 1 2 
9 1 7 4 9 2 7 9 1 1 9 1 7 4 9 2 7 9 1 1 9 1 7 4 9 2 7 9 1 1 9 1 7 4 9 2 7 9 1 1 9 1 7 4 9 2 7 9 1 1 9 1 7 4 9 2 7 9 1 1 9 1 7 4 9 2 7 9 1 1 9 1 7 4 9 2 7 9 1 1 9 1 7 4 9 2 7 9 1 1 9 1 7 4 9 2 7 9 1 1 
1 2 3 4 5 6 7 8 9 9 1 2 3 4 5 6 7 8 9 9 1 2 3 4 5 6 7 8 9 9 1 2 3 4 5 6 7 8 9 9 1 2 3 4 5 6 7 8 9 9 1 2 3 4 5 6 7 8 9 9 1 2 3 4 5 6 7 8 9 9 1 2 3 4 5 6 7 8 9 9 1 2 3 4 5 6 7 8 9 9 1 2 3 4 5 6 7 8 9 9 
4 2 6 1 2 3 4 5 6 7 4 2 6 1 2 3 4 5 6 7 4 2 6 1 2 3 4 5 6 7 4 2 6 1 2 3 4 5 6 7 4 2 6 1 2 3 4 5 6 7 4 2 6 1 2 3 4 5 6 7 4 2 6 1 2 3 4 5 6 7 4 2 6 1 2 3 4 5 6 7 4 2 6 1 2 3 4 5 6 7 4 2 6 1 2 3 4 5 6 7 
4 2 6 1 2 3 4 7 8 9 4 2 6 1 2 3 4 7 8 9 4 2 6 1 2 3 4 7 8 9 4 2 6 1 2 3 4 7 8 9 4 2 6 1 2 3 4 7 8 9 4 2 6 1 2 3 4 7 8 9 4 2 6 1 2 3 4 7 8 9 4 2 6 1 2 3 4 7 8 9 4 2 6 1 2 3 4 7 8 9 4 2 6 1 2 3 4 7 8 9 
1 5 3 4 2 3 4 7 8 9 1 5 3 4 2 3 4 7 8 9 1 5 3 4 2 3 4 7 8 9 1 5 3 4 2 3 4 7 8 9 1 5 3 4 2 3 4 7 8 9 1 5 3 4 2 3 4 7 8 9 1 5 3 4 2 3 4 7 8 9 1 5 3 4 2 3 4 7 8 9 1 5 3 4 2 3 4 7 8 9 1 5 3 4 2 3 4 7 8 9 
1 5 3 4 2 3 4 3 2 1 1 5 3 4 2 3 4 3 2 1 1 5 3 4 2 3 4 3 2 1 1 5 3 4 2 3 4 3 2 1 1 5 3 4 2 3 4 3 2 1 1 5 3 4 2 3 4 3 2 1 1 5 3 4 2 3 4 3 2 1 1 5 3 4 2 3 4 3 2 1 1 5 3 4 2 3 4 3 2 1 1 5 3 4 2 3 4 3 2 1 
9 8 7 4 2 3 4 3 2 1 9 8 7 4 2 3 4 3 2 1 9 8 7 4 2 3 4 3 2 1 9 8 7 4 2 3 4 3 2 1 9 8 7 4 2 3 4 3 2 1 9 8 7 4 2 3 4 3 2 1 9 8 7 4 2 3 4 3 2 1 9 8 7 4 2 3 4 3 2 1 9 8 7 4 2 3 4 3 2 1 9 8 7 4 2 3 4 3 2 1 
9 8 7 4 2 3 4 3 2 1 9 8 7 4 2 3 4 3 2 1 9 8 7 4 2 3 4 3 2 1 9 8 7 4 2 3 4 3 2 1 9 8 7 4 2 3 4 3 2 1 9 8 7 4 2 3 4 3 2 1 9 8 7 4 2 3 4 3 2 1 9 8 7 4 2 3 4 3 2 1 9 8 7 4 2 3 4 3 2 1 9 8 7 4 2 3 4 3 2 1 
9 8 7 4 2 3 7 9 1 4 9 8 7 4 2 3 7 9 1 4 9 8 7 4 2 3 7 9 1 4 9 8 7 4 2 3 7 9 1 4 9 8 7 4 2 3 7 9 1 4 9 8 7 4 2 3 7 9 1 4 9 8 7 4 2 3 7 9 1 4 9 8 7 4 2 3 7 9 1 4 9 8 7 4 2 3 7 9 1 4 9 8 7 4 2 3 7 9 1 4 
9 1 7 4 9 3 7 9 1 2 9 1 7 4 9 3 7 9 1 2 9 1 7 4 9 3 7 9 1 2 9 1 7 4 9 3 7 9 1 2 9 1 7 4 9 3 7 9 1 2 9 1 7 4 9 3 7 9 1 2 9 1 7 4 9 3 7 9 1 2 9 1 7 4 9 3 7 9 1 2 9 1 7 4 9 3 7 9 1 2 9 1 7 4 9 3 7 9 1 2 
9 1 7 4 9 2 7 9 1 1 9 1 7 4 9 2 7 9 1 1 9 1 7 4 9 2 7 9 1 1 9 1 7 4 9 2 7 9 1 1 9 1 7 4 9 2 7 9 1 1 9 1 7 4 9 2 7 9 1 1 9 1 7 4 9 2 7 9 1 1 9 1 7 4 9 2 7 9 1 1 9 1 7 4 9 2 7 9 1 1 9 1 7 4 9 2 7 9 1 1 
1 2 3 4 5 6 7 8 9 9 1 2 3 4 5 6 7 8 9 9 1 2 3 4 5 6 7 8 9 9 1 2 3 4 5 6 7 8 9 9 1 2 3 4 5 6 7 8 9 9 1 2 3 4 5 6 7 8 9 9 1 2 3 4 5 6 7 8 9 9 1 2 3 4 5 6 7 8 9 9 1 2 3 4 5 6 7 8 9 9 1 2 3 4 5 6 7 8 9 9 
4 2 6 1 2 3 4 5 6 7 4 2 6 1 2 3 4 5 6 7 4 2 6 1 2 3 4 5 6 7 4 2 6 1 2 3 4 5 6 7 4 2 6 1 2 3 4 5 6 7 4 2 6 1 2 3 4 5 6 7 4 2 6 1 2 3 4 5 6 7 4 2 6 1 2 3 4 5 6 7 4 2 6 1 2 3 4 5 6 7 4 2 6 1 2 3 4 5 6 7 
4 2 6 1 2 3 4 7 8 9 4 2 6 1 2 3 4 7 8 9 4 2 6 1 2 3 4 7 8 9 4 2 6 1 2 3 4 7 8 9 4 2 6 1 2 3 4 7 8 9 4 2 6 1 2 3 4 7 8 9 4 2 6 1 2 3 4 7 8 9 4 2 6 1 2 3 4 7 8 9 4 2 6 1 2 3 4 7 8 9 4 2 6 1 2 3 4 7 8 9 
1 5 3 4 2 3 4 7 8 9 1 5 3 4 2 3 4 7 8 9 1 5 3 4 2 3 4 7 8 9 1 5 3 4 2 3 4 7 8 9 1 5 3 4 2 3 4 7 8 9 1 5 3 4 2 3 4 7 8 9 1 5 3 4 2 3 4 7 8 9 1 5 3 4 2 3 4 7 8 9 1 5 3 4 2 3 4 7 8 9 1 5 3 4 2 3 4 7 8 9 
1 5 3 4 2 3 4 3 2 1 1 5 3 4 2 3 4 3 2 1 1 5 3 4 2 3 4 3 2 1 1 5 3 4 2 3 4 3 2 1 1 5 3 4 2 3 4 3 2 1 1 5 3 4 2 3 4 3 2 1 1 5 3 4 2 3 4 3 2 1 1 5 3 4 2 3 4 3 2 1 1 5 3 4 2 3 4 3 2 1 1 5 3 4 2 3 4 3 2 1 
9 8 7 4 2 3 4 3 2 1 9 8 7 4 2 3 4 3 2 1 9 8 7 4 2 3 4 3 2 1 9 8 7 4 2 3 4 3 2 1 9 8 7 4 2 3 4 3 2 1 9 8 7 4 2 3 4 3 2 1 9 8 7 4 2 3 4 3 2 1 9 8 7 4 2 3 4 3 2 1 9 8 7 4 2 3 4 3 2 1 9 8 7 4 2 3 4 3 2 1 
9 8 7 4 2 3 4 3 2 1 9 8 7 4 2 3 4 3 2 1 9 8 7 4 2 3 4 3 2 1 9 8 7 4 2 3 4 3 2 1 9 8 7 4 2 3 4 3 2 1 9 8 7 4 2 3 4 3 2 1 9 8 7 4 2 3 4 3 2 1 9 8 7 4 2 3 4 3 2 1 9 8 7 4 2 3 4 3 2 1 9 8 7 4 2 3 4 3 2 1 
9 8 7 4 2 3 7 9 1 4 9 8 7 4 2 3 7 9 1 4 9 8 7 4 2 3 7 9 1 4 9 8 7 4 2 3 7 9 1 4 9 8 7 4 2 3 7 9 1 4 9 8 7 4 2 3 7 9 1 4 9 8 7 4 2 3 7 9 1 4 9 8 7 4 2 3 7 9 1 4 9 8 7 4 2 3 7 9 1 4 9 8 7 4 2 3 7 9 1 4 
9 1 7 4 9 3 7 9 1 2 9 1 7 4 9 3 7 9 1 2 9 1 7 4 9 3 7 9 1 2 9 1 7 4 9 3 7 9 1 2 9 1 7 4 9 3 7 9 1 2 9 1 7 4 9 3 7 9 1 2 9 1 7 4 9 3 7 9 1 2 9 1 7 4 9 3 7 9 1 2 9 1 7 4 9 3 7 9 1 2 9 1 7 4 9 3 7 9 1 2 
9 1 7 4 9 2 7 9 1 1 9 1 7 4 9 2 7 9 1 1 9 1 7 4 9 2 7 9 1 1 9 1 7 4 9 2 7 9 1 1 9 1 7 4 9 2 7 9 1 1 9 1 7 4 9 2 7 9 1 1 9 1 7 4 9 2 7 9 1 1 9 1 7 4 9 2 7 9 1 1 9 1 7 4 9 2 7 9 1 1 9 1 7 4 9 2 7 9 1 1 
1 2 3 4 5 6 7 8 9 9 1 2 3 4 5 6 7 8 9 9 1 2 3 4 5 6 7 8 9 9 1 2 3 4 5 6 7 8 9 9 1 2 3 4 5 6 7 8 9 9 1 2 3 4 5 6 7 8 9 9 1 2 3 4 5 6 7 8 9 9 1 2 3 4 5 6 7 8 9 9 1 2 3 4 5 6 7 8 9 9 1 2 3 4 5 6 7 8 9 9 
4 2 6 1 2 3 4 5 6 7 4 2 6 1 2 3 4 5 6 7 4 2 6 1 2 3 4 5 6 7 4 2 6 1 2 3 4 5 6 7 4 2 6 1 2 3 4 5 6 7 4 2 6 1 2 3 4 5 6 7 4 2 6 1 2 3 4 5 6 7 4 2 6 1 2 3 4 5 6 7 4 2 6 1 2 3 4 5 6 7 4 2 6 1 2 3 4 5 6 7 
4 2 6 1 2 3 4 7 8 9 4 2 6 1 2 3 4 7 8 9 4 2 6 1 2 3 4 7 8 9 4 2 6 1 2 3 4 7 8 9 4 2 6 1 2 3 4 7 8 9 4 2 6 1 2 3 4 7 8 9 4 2 6 1 2 3 4 7 8 9 4 2 6 1 2 3 4 7 8 9 4 2 6 1 2 3 4 7 8 9 4 2 6 1 2 3 4 7 8 9 
1 5 3 4 2 3 4 7 8 9 1 5 3 4 2 3 4 7 8 9 1 5 3 4 2 3 4 7 8 9 1 5 3 4 2 3 4 7 8 9 1 5 3 4 2 3 4 7 8 9 1 5 3 4 2 3 4 7 8 9 1 5 3 4 2 3 4 7 8 9 1 5 3 4 2 3 4 7 8 9 1 5 3 4 2 3 4 7 8 9 1 5 3 4 2 3 4 7 8 9 
1 5 3 4 2 3 4 3 2 1 1 5 3 4 2 3 4 3 2 1 1 5 3 4 2 3 4 3 2 1 1 5 3 4 2 3 4 3 2 1 1 5 3 4 2 3 4 3 2 1 1 5 3 4 2 3 4 3 2 1 1 5 3 4 2 3 4 3 2 1 1 5 3 4 2 3 4 3 2 1 1 5 3 4 2 3 4 3 2 1 1 5 3 4 2 3 4 3 2 1 
9 8 7 4 2 3 4 3 2 1 9 8 7 4 2 3 4 3 2 1 9 8 7 4 2 3 4 3 2 1 9 8 7 4 2 3 4 3 2 1 9 8 7 4 2 3 4 3 2 1 9 8 7 4 2 3 4 3 2 1 9 8 7 4 2 3 4 3 2 1 9 8 7 4 2 3 4 3 2 1 9 8 7 4 2 3 4 3 2 1 9 8 7 4 2 3 4 3 2 1 
9 8 7 4 2 3 4 3 2 1 9 8 7 4 2 3 4 3 2 1 9 8 7 4 2 3 4 3 2 1 9 8 7 4 2 3 4 3 2 1 9 8 7 4 2 3 4 3 2 1 9 8 7 4 2 3 4 3 2 1 9 8 7 4 2 3 4 3 2 1 9 8 7 4 2 3 4 3 2 1 9 8 7 4 2 3 4 3 2 1 9 8 7 4 2 3 4 3 2 1 
9 8 7 4 2 3 7 9 1 4 9 8 7 4 2 3 7 9 1 4 9 8 7 4 2 3 7 9 1 4 9 8 7 4 2 3 7 9 1 4 9 8 7 4 2 3 7 9 1 4 9 8 7 4 2 3 7 9 1 4 9 8 7 4 2 3 7 9 1 4 9 8 7 4 2 3 7 9 1 4 9 8 7 4 2 3 7 9 1 4 9 8 7 4 2 3 7 9 1 4 
9 1 7 4 9 3 7 9 1 2 9 1 7 4 9 3 7 9 1 2 9 1 7 4 9 3 7 9 1 2 9 1 7 4 9 3 7 9 1 2 9 1 7 4 9 3 7 9 1 2 9 1 7 4 9 3 7 9 1 2 9 1 7 4 9 3 7 9 1 2 9 1 7 4 9 3 7 9 1 2 9 1 7 4 9 3 7 9 1 2 9 1 7 4 9 3 7 9 1 2 
9 1 7 4 9 2 7 9 1 1 9 1 7 4 9 2 7 9 1 1 9 1 7 4 9 2 7 9 1 1 9 1 7 4 9 2 7 9 1 1 9 1 7 4 9 2 7 9 1 1 9 1 7 4 9 2 7 9 1 1 9 1 7 4 9 2 7 9 1 1 9 1 7 4 9 2 7 9 1 1 9 1 7 4 9 2 7 9 1 1 9 1 7 4 9 2 7 9 1 1 
1 2 3 4 5 6 7 8 9 9 1 2 3 4 5 6 7 8 9 9 1 2 3 4 5 6 7 8 9 9 1 2 3 4 5 6 7 8 9 9 1 2 3 4 5 6 7 8 9 9 1 2 3 4 5 6 7 8 9 9 1 2 3 4 5 6 7 8 9 9 1 2 3 4 5 6 7 8 9 9 1 2 3 4 5 6 7 8 9 9 1 2 3 4 5 6 7 8 9 9 
4 2 6 1 2 3 4 5 6 7 4 2 6 1 2 3 4 5 6 7 4 2 6 1 2 3 4 5 6 7 4 2 6 1 2 3 4 5 6 7 4 2 6 1 2 3 4 5 6 7 4 2 6 1 2 3 4 5 6 7 4 2 6 1 2 3 4 5 6 7 4 2 6 1 2 3 4 5 6 7 4 2 6 1 2 3 4 5 6 7 4 2 6 1 2 3 4 5 6 7 
4 2 6 1 2 3 4 7 8 9 4 2 6 1 2 3 4 7 8 9 4 2 6 1 2 3 4 7 8 9 4 2 6 1 2 3 4 7 8 9 4 2 6 1 2 3 4 7 8 9 4 2 6 1 2 3 4 7 8 9 4 2 6 1 2 3 4 7 8 9 4 2 6 1 2 3 4 7 8 9 4 2 6 1 2 3 4 7 8 9 4 2 6 1 2 3 4 7 8 9 
1 5 3 4 2 3 4 7 8 9 1 5 3 4 2 3 4 7 8 9 1 5 3 4 2 3 4 7 8 9 1 5 3 4 2 3 4 7 8 9 1 5 3 4 2 3 4 7 8 9 1 5 3 4 2 3 4 7 8 9 1 5 3 4 2 3 4 7 8 9 1 5 3 4 2 3 4 7 8 9 1 5 3 4 2 3 4 7 8 9 1 5 3 4 2 3 4 7 8 9 
1 5 3 4 2 3 4 3 2 1 1 5 3 4 2 3 4 3 2 1 1 5 3 4 2 3 4 3 2 1 1 5 3 4 2 3 4 3 2 1 1 5 3 4 2 3 4 3 2 1 1 5 3 4 2 3 4 3 2 1 1 5 3 4 2 3 4 3 2 1 1 5 3 4 2 3 4 3 2 1 1 5 3 4 2 3 4 3 2 1 1 5 3 4 2 3 4 3 2 1 
9 8 7 4 2 3 4 3 2 1 9 8 7 4 2 3 4 3 2 1 9 8 7 4 2 3 4 3 2 1 9 8 7 4 2 3 4 3 2 1 9 8 7 4 2 3 4 3 2 1 9 8 7 4 2 3 4 3 2 1 9 8 7 4 2 3 4 3 2 1 9 8 7 4 2 3 4 3 2 1 9 8 7 4 2 3 4 3 2 1 9 8 7 4 2 3 4 3 2 1 
9 8 7 4 2 3 4 3 2 1 9 8 7 4 2 3 4 3 2 1 9 8 7 4 2 3 4 3 2 1 9 8 7 4 2 3 4 3 2 1 9 8 7 4 2 3 4 3 2 1 9 8 7 4 2 3 4 3 2 1 9 8 7 4 2 3 4 3 2 1 9 8 7 4 2 3 4 3 2 1 9 8 7 4 2 3 4 3 2 1 9 8 7 4 2 3 4 3 2 1 
9 8 7 4 2 3 7 9 1 4 9 8 7 4 2 3 7 9 1 4 9 8 7 4 2 3 7 9 1 4 9 8 7 4 2 3 7 9 1 4 9 8 7 4 2 3 7 9 1 4 9 8 7 4 2 3 7 9 1 4 9 8 7 4 2 3 7 9 1 4 9 8 7 4 2 3 7 9 1 4 9 8 7 4 2 3 7 9 1 4 9 8 7 4 2 3 7 9 1 4 
9 1 7 4 9 3 7 9 1 2 9 1 7 4 9 3 7 9 1 2 9 1 7 4 9 3 7 9 1 2 9 1 7 4 9 3 7 9 1 2 9 1 7 4 9 3 7 9 1 2 9 1 7 4 9 3 7 9 1 2 9 1 7 4 9 3 7 9 1 2 9 1 7 4 9 3 7 9 1 2 9 1 7 4 9 3 7 9 1 2 9 1 7 4 9 3 7 9 1 2 
9 1 7 4 9 2 7 9 1 1 9 1 7 4 9 2 7 9 1 1 9 1 7 4 9 2 7 9 1 1 9 1 7 4 9 2 7 9 1 1 9 1 7 4 9 2 7 9 1 1 9 1 7 4 9 2 7 9 1 1 9 1 7 4 9 2 7 9 1 1 9 1 7 4 9 2 7 9 1 1 9 1 7 4 9 2 7 9 1 1 9 1 7 4 9 2 7 9 1 1 
1 2 3 4 5 6 7 8 9 9 1 2 3 4 5 6 7 8 9 9 1 2 3 4 5 6 7 8 9 9 1 2 3 4 5 6 7 8 9 9 1 2 3 4 5 6 7 8 9 9 1 2 3 4 5 6 7 8 9 9 1 2 3 4 5 6 7 8 9 9 1 2 3 4 5 6 7 8 9 9 1 2 3 4 5 6 7 8 9 9 1 2 3 4 5 6 7 8 9 9 
4 2 6 1 2 3 4 5 6 7 4 2 6 1 2 3 4 5 6 7 4 2 6 1 2 3 4 5 6 7 4 2 6 1 2 3 4 5 6 7 4 2 6 1 2 3 4 5 6 7 4 2 6 1 2 3 4 5 6 7 4 2 6 1 2 3 4 5 6 7 4 2 6 1 2 3 4 5 6 7 4 2 6 1 2 3 4 5 6 7 4 2 6 1 2 3 4 5 6 7 
4 2 6 1 2 3 4 7 8 9 4 2 6 1 2 3 4 7 8 9 4 2 6 1 2 3 4 7 8 9 4 2 6 1 2 3 4 7 8 9 4 2 6 1 2 3 4 7 8 9 4 2 6 1 2 3 4 7 8 9 4 2 6 1 2 3 4 7 8 9 4 2 6 1 2 3 4 7 8 9 4 2 6 1 2 3 4 7 8 9 4 2 6 1 2 3 4 7 8 9 
1 5 3 4 2 3 4 7 8 9 1 5 3 4 2 3 4 7 8 9 1 5 3 4 2 3 4 7 8 9 1 5 3 4 2 3 4 7 8 9 1 5 3 4 2 3 4 7 8 9 1 5 3 4 2 3 4 7 8 9 1 5 3 4 2 3 4 7 8 9 1 5 3 4 2 3 4 7 8 9 1 5 3 4 2 3 4 7 8 9 1 5 3 4 2 3 4 7 8 9 
1 5 3 4 2 3 4 3 2 1 1 5 3 4 2 3 4 3 2 1 1 5 3 4 2 3 4 3 2 1 1 5 3 4 2 3 4 3 2 1 1 5 3 4 2 3 4 3 2 1 1 5 3 4 2 3 4 3 2 1 1 5 3 4 2 3 4 3 2 1 1 5 3 4 2 3 4 3 2 1 1 5 3 4 2 3 4 3 2 1 1 5 3 4 2 3 4 3 2 1 
9 8 7 4 2 3 4 3 2 1 9 8 7 4 2 3 4 3 2 1 9 8 7 4 2 3 4 3 2 1 9 8 7 4 2 3 4 3 2 1 9 8 7 4 2 3 4 3 2 1 9 8 7 4 2 3 4 3 2 1 9 8 7 4 2 3 4 3 2 1 9 8 7 4 2 3 4 3 2 1 9 8 7 4 2 3 4 3 2 1 9 8 7 4 2 3 4 3 2 1 
9 8 7 4 2 3 4 3 2 1 9 8 7 4 2 3 4 3 2 1 9 8 7 4 2 3 4 3 2 1 9 8 7 4 2 3 4 3 2 1 9 8 7 4 2 3 4 3 2 1 9 8 7 4 2 3 4 3 2 1 9 8 7 4 2 3 4 3 2 1 9 8 7 4 2 3 4 3 2 1 9 8 7 4 2 3 4 3 2 1 9 8 7 4 2 3 4 3 2 1 
9 8 7 4 2 3 7 9 1 4 9 8 7 4 2 3 7 9 1 4 9 8 7 4 2 3 7 9 1 4 9 8 7 4 2 3 7 9 1 4 9 8 7 4 2 3 7 9 1 4 9 8 7 4 2 3 7 9 1 4 9 8 7 4 2 3 7 9 1 4 9 8 7 4 2 3 7 9 1 4 9 8 7 4 2 3 7 9 1 4 9 8 7 4 2 3 7 9 1 4 
9 1 7 4 9 3 7 9 1 2 9 1 7 4 9 3 7 9 1 2 9 1 7 4 9 3 7 9 1 2 9 1 7 4 9 3 7 9 1 2 9 1 7 4 9 3 7 9 1 2 9 1 7 4 9 3 7 9 1 2 9 1 7 4 9 3 7 9 1 2 9 1 7 4 9 3 7 9 1 2 9 1 7 4 9 3 7 9 1 2 9 1 7 4 9 3 7 9 1 2 
9 1 7 4 9 2 7 9 1 1 9 1 7 4 9 2 7 9 1 1 9 1 7 4 9 2 7 9 1 1 9 1 7 4 9 2 7 9 1 1 9 1 7 4 9 2 7 9 1 1 9 1 7 4 9 2 7 9 1 1 9 1 7 4 9 2 7 9 1 1 9 1 7 4 9 2 7 9 1 1 9 1 7 4 9 2 7 9 1 1 9 1 7 4 9 2 7 9 1 1 
1 2 3 4 5 6 7 8 9 9 1 2 3 4 5 6 7 8 9 9 1 2 3 4 5 6 7 8 9 9 1 2 3 4 5 6 7 8 9 9 1 2 3 4 5 6 7 8 9 9 1 2 3 4 5 6 7 8 9 9 1 2 3 4 5 6 7 8 9 9 1 2 3 4 5 6 7 8 9 9 1 2 3 4 5 6 7 8 9 9 1 2 3 4 5 6 7 8 9 9 
4 2 6 1 2 3 4 5 6 7 4 2 6 1 2 3 4 5 6 7 4 2 6 1 2 3 4 5 6 7 4 2 6 1 2 3 4 5 6 7 4 2 6 1 2 3 4 5 6 7 4 2 6 1 2 3 4 5 6 7 4 2 6 1 2 3 4 5 6 7 4 2 6 1 2 3 4 5 6 7 4 2 6 1 2 3 4 5 6 7 4 2 6 1 2 3 4 5 6 7 
4 2 6 1 2 3 4 7 8 9 4 2 6 1 2 3 4 7 8 9 4 2 6 1 2 3 4 7 8 9 4 2 6 1 2 3 4 7 8 9 4 2 6 1 2 3 4 7 8 9 4 2 6 1 2 3 4 7 8 9 4 2 6 1 2 3 4 7 8 9 4 2 6 1 2 3 4 7 8 9 4 2 6 1 2 3 4 7 8 9 4 2 6 1 2 3 4 7 8 9 
1 5 3 4 2 3 4 7 8 9 1 5 3 4 2 3 4 7 8 9 1 5 3 4 2 3 4 7 8 9 1 5 3 4 2 3 4 7 8 9 1 5 3 4 2 3 4 7 8 9 1 5 3 4 2 3 4 7 8 9 1 5 3 4 2 3 4 7 8 9 1 5 3 4 2 3 4 7 8 9 1 5 3 4 2 3 4 7 8 9 1 5 3 4 2 3 4 7 8 9 
1 5 3 4 2 3 4 3 2 1 1 5 3 4 2 3 4 3 2 1 1 5 3 4 2 3 4 3 2 1 1 5 3 4 2 3 4 3 2 1 1 5 3 4 2 3 4 3 2 1 1 5 3 4 2 3 4 3 2 1 1 5 3 4 2 3 4 3 2 1 1 5 3 4 2 3 4 3 2 1 1 5 3 4 2 3 4 3 2 1 1 5 3 4 2 3 4 3 2 1 
9 8 7 4 2 3 4 3 2 1 9 8 7 4 2 3 4 3 2 1 9 8 7 4 2 3 4 3 2 1 9 8 7 4 2 3 4 3 2 1 9 8 7 4 2 3 4 3 2 1 9 8 7 4 2 3 4 3 2 1 9 8 7 4 2 3 4 3 2 1 9 8 7 4 2 3 4 3 2 1 9 8 7 4 2 3 4 3 2 1 9 8 7 4 2 3 4 3 2 1 
9 8 7 4 2 3 4 3 2 1 9 8 7 4 2 3 4 3 2 1 9 8 7 4 2 3 4 3 2 1 9 8 7 4 2 3 4 3 2 1 9 8 7 4 2 3 4 3 2 1 9 8 7 4 2 3 4 3 2 1 9 8 7 4 2 3 4 3 2 1 9 8 7 4 2 3 4 3 2 1 9 8 7 4 2 3 4 3 2 1 9 8 7 4 2 3 4 3 2 1 
9 8 7 4 2 3 7 9 1 4 9 8 7 4 2 3 7 9 1 4 9 8 7 4 2 3 7 9 1 4 9 8 7 4 2 3 7 9 1 4 9 8 7 4 2 3 7 9 1 4 9 8 7 4 2 3 7 9 1 4 9 8 7 4 2 3 7 9 1 4 9 8 7 4 2 3 7 9 1 4 9 8 7 4 2 3 7 9 1 4 9 8 7 4 2 3 7 9 1 4 
9 1 7 4 9 3 7 9 1 2 9 1 7 4 9 3 7 9 1 2 9 1 7 4 9 3 7 9 1 2 9 1 7 4 9 3 7 9 1 2 9 1 7 4 9 3 7 9 1 2 9 1 7 4 9 3 7 9 1 2 9 1 7 4 9 3 7 9 1 2 9 1 7 4 9 3 7 9 1 2 9 1 7 4 9 3 7 9 1 2 9 1 7 4 9 3 7 9 1 2 
9 1 7 4 9 2 7 9 1 1 9 1 7 4 9 2 7 9 1 1 9 1 7 4 9 2 7 9 1 1 9 1 7 4 9 2 7 9 1 1 9 1 7 4 9 2 7 9 1 1 9 1 7 4 9 2 7 9 1 1 9 1 7 4 9 2 7 9 1 1 9 1 7 4 9 2 7 9 1 1 9 1 7 4 9 2 7 9 1 1 9 1 7 4 9 2 7 9 1 1 
1 2 3 4 5 6 7 8 9 9 1 2 3 4 5 6 7 8 9 9 1 2 3 4 5 6 7 8 9 9 1 2 3 4 5 6 7 8 9 9 1 2 3 4 5 6 7 8 9 9 1 2 3 4 5 6 7 8 9 9 1 2 3 4 5 6 7 8 9 9 1 2 3 4 5 6 7 8 9 9 1 2 3 4 5 6 7 8 9 9 1 2 3 4 5 6 7 8 9 9 
4 2 6 1 2 3 4 5 6 7 4 2 6 1 2 3 4 5 6 7 4 2 6 1 2 3 4 5 6 7 4 2 6 1 2 3 4 5 6 7 4 2 6 1 2 3 4 5 6 7 4 2 6 1 2 3 4 5 6 7 4 2 6 1 2 3 4 5 6 7 4 2 6 1 2 3 4 5 6 7 4 2 6 1 2 3 4 5 6 7 4 2 6 1 2 3 4 5 6 7 
4 2 6 1 2 3 4 7 8 9 4 2 6 1 2 3 4 7 8 9 4 2 6 1 2 3 4 7 8 9 4 2 6 1 2 3 4 7 8 9 4 2 6 1 2 3 4 7 8 9 4 2 6 1 2 3 4 7 8 9 4 2 6 1 2 3 4 7 8 9 4 2 6 1 2 3 4 7 8 9 4 2 6 1 2 3 4 7 8 9 4 2 6 1 2 3 4 7 8 9 
1 5 3 4 2 3 4 7 8 9 1 5 3 4 2 3 4 7 8 9 1 5 3 4 2 3 4 7 8 9 1 5 3 4 2 3 4 7 8 9 1 5 3 4 2 3 4 7 8 9 1 5 3 4 2 3 4 7 8 9 1 5 3 4 2 3 4 7 8 9 1 5 3 4 2 3 4 7 8 9 1 5 3 4 2 3 4 7 8 9 1 5 3 4 2 3 4 7 8 9 
1 5 3 4 2 3 4 3 2 1 1 5 3 4 2 3 4 3 2 1 1 5 3 4 2 3 4 3 2 1 1 5 3 4 2 3 4 3 2 1 1 5 3 4 2 3 4 3 2 1 1 5 3 4 2 3 4 3 2 1 1 5 3 4 2 3 4 3 2 1 1 5 3 4 2 3 4 3 2 1 1 5 3 4 2 3 4 3 2 1 1 5 3 4 2 3 4 3 2 1 
9 8 7 4 2 3 4 3 2 1 9 8 7 4 2 3 4 3 2 1 9 8 7 4 2 3 4 3 2 1 9 8 7 4 2 3 4 3 2 1 9 8 7 4 2 3 4 3 2 1 9 8 7 4 2 3 4 3 2 1 9 8 7 4 2 3 4 3 2 1 9 8 7 4 2 3 4 3 2 1 9 8 7 4 2 3 4 3 2 1 9 8 7 4 2 3 4 3 2 1 
9 8 7 4 2 3 4 3 2 1 9 8 7 4 2 3 4 3 2 1 9 8 7 4 2 3 4 3 2 1 9 8 7 4 2 3 4 3 2 1 9 8 7 4 2 3 4 3 2 1 9 8 7 4 2 3 4 3 2 1 9 8 7 4 2 3 4 3 2 1 9 8 7 4 2 3 4 3 2 1 9 8 7 4 2 3 4 3 2 1 9 8 7 4 2 3 4 3 2 1 
9 8 7 4 2 3 7 9 1 4 9 8 7 4 2 3 7 9 1 4 9 8 7 4 2 3 7 9 1 4 9 8 7 4 2 3 7 9 1 4 9 8 7 4 2 3 7 9 1 4 9 8 7 4 2 3 7 9 1 4 9 8 7 4 2 3 7 9 1 4 9 8 7 4 2 3 7 9 1 4 9 8 7 4 2 3 7 9 1 4 9 8 7 4 2 3 7 9 1 4 
9 1 7 4 9 3 7 9 1 2 9 1 7 4 9 3 7 9 1 2 9 1 7 4 9 3 7 9 1 2 9 1 7 4 9 3 7 9 1 2 9 1 7 4 9 3 7 9 1 2 9 1 7 4 9 3 7 9 1 2 9 1 7 4 9 3 7 9 1 2 9 1 7 4 9 3 7 9 1 2 9 1 7 4 9 3 7 9 1 2 9 1 7 4 9 3 7 9 1 2 
9 1 7 4 9 2 7 9 1 1 9 1 7 4 9 2 7 9 1 1 9 1 7 4 9 2 7 9 1 1 9 1 7 4 9 2 7 9 1 1 9 1 7 4 9 2 7 9 1 1 9 1 7 4 9 2 7 9 1 1 9 1 7 4 9 2 7 9 1 1 9 1 7 4 9 2 7 9 1 1 9 1 7 4 9 2 7 9 1 1 9 1 7 4 9 2 7 9 1 1 
1 2 3 4 5 6 7 8 9 9 1 2 3 4 5 6 7 8 9 9 1 2 3 4 5 6 7 8 9 9 1 2 3 4 5 6 7 8 9 9 1 2 3 4 5 6 7 8 9 9 1 2 3 4 5 6 7 8 9 9 1 2 3 4 5 6 7 8 9 9 1 2 3 4 5 6 7 8 9 9 1 2 3 4 5 6 7 8 9 9 1 2 3 4 5 6 7 8 9 9 
4 2 6 1 2 3 4 5 6 7 4 2 6 1 2 3 4 5 6 7 4 2 6 1 2 3 4 5 6 7 4 2 6 1 2 3 4 5 6 7 4 2 6 1 2 3 4 5 6 7 4 2 6 1 2 3 4 5 6 7 4 2 6 1 2 3 4 5 6 7 4 2 6 1 2 3 4 5 6 7 4 2 6 1 2 3 4 5 6 7 4 2 6 1 2 3 4 5 6 7 
4 2 6 1 2 3 4 7 8 9 4 2 6 1 2 3 4 7 8 9 4 2 6 1 2 3 4 7 8 9 4 2 6 1 2 3 4 7 8 9 4 2 6 1 2 3 4 7 8 9 4 2 6 1 2 3 4 7 8 9 4 2 6 1 2 3 4 7 8 9 4 2 6 1 2 3 4 7 8 9 4 2 6 1 2 3 4 7 8 9 4 2 6 1 2 3 4 7 8 9 
1 5 3 4 2 3 4 7 8 9 1 5 3 4 2 3 4 7 8 9 1 5 3 4 2 3 4 7 8 9 1 5 3 4 2 3 4 7 8 9 1 5 3 4 2 3 4 7 8 9 1 5 3 4 2 3 4 7 8 9 1 5 3 4 2 3 4 7 8 9 1 5 3 4 2 3 4 7 8 9 1 5 3 4 2 3 4 7 8 9 1 5 3 4 2 3 4 7 8 9 
1 5 3 4 2 3 4 3 2 1 1 5 3 4 2 3 4 3 2 1 1 5 3 4 2 3 4 3 2 1 1 5 3 4 2 3 4 3 2 1 1 5 3 4 2 3 4 3 2 1 1 5 3 4 2 3 4 3 2 1 1 5 3 4 2 3 4 3 2 1 1 5 3 4 2 3 4 3 2 1 1 5 3 4 2 3 4 3 2 1 1 5 3 4 2 3 4 3 2 1 
9 8 7 4 2 3 4 3 2 1 9 8 7 4 2 3 4 3 2 1 9 8 7 4 2 3 4 3 2 1 9 8 7 4 2 3 4 3 2 1 9 8 7 4 2 3 4 3 2 1 9 8 7 4 2 3 4 3 2 1 9 8 7 4 2 3 4 3 2 1 9 8 7 4 2 3 4 3 2 1 9 8 7 4 2 3 4 3 2 1 9 8 7 4 2 3 4 3 2 1 
9 8 7 4 2 3 4 3 2 1 9 8 7 4 2 3 4 3 2 1 9 8 7 4 2 3 4 3 2 1 9 8 7 4 2 3 4 3 2 1 9 8 7 4 2 3 4 3 2 1 9 8 7 4 2 3 4 3 2 1 9 8 7 4 2 3 4 3 2 1 9 8 7 4 2 3 4 3 2 1 9 8 7 4 2 3 4 3 2 1 9 8 7 4 2 3 4 3 2 1 
9 8 7 4 2 3 7 9 1 4 9 8 7 4 2 3 7 9 1 4 9 8 7 4 2 3 7 9 1 4 9 8 7 4 2 3 7 9 1 4 9 8 7 4 2 3 7 9 1 4 9 8 7 4 2 3 7 9 1 4 9 8 7 4 2 3 7 9 1 4 9 8 7 4 2 3 7 9 1 4 9 8 7 4 2 3 7 9 1 4 9 8 7 4 2 3 7 9 1 4 
9 1 7 4 9 3 7 9 1 2 9 1 7 4 9 3 7 9 1 2 9 1 7 4 9 3 7 9 1 2 9 1 7 4 9 3 7 9 1 2 9 1 7 4 9 3 7 9 1 2 9 1 7 4 9 3 7 9 1 2 9 1 7 4 9 3 7 9 1 2 9 1 7 4 9 3 7 9 1 2 9 1 7 4 9 3 7 9 1 2 9 1 7 4 9 3 7 9 1 2 
9 1 7 4 9 2 7 9 1 1 9 1 7 4 9 2 7 9 1 1 9 1 7 4 9 2 7 9 1 1 9 1 7 4 9 2 7 9 1 1 9 1 7 4 9 2 7 9 1 1 9 1 7 4 9 2 7 9 1 1 9 1 7 4 9 2 7 9 1 1 9 1 7 4 9 2 7 9 1 1 9 1 7 4 9 2 7 9 1 1 9 1 7 4 9 2 7 9 1 1 

10 20 10 30 40 50 60 70 80 10 10 20 10 30 40 50 60 70 80 10 10 20 10 30 40 50 60 70 80 10 10 20 10 30 40 50 60 70 80 10 10 20 10 30 40 50 60 70 80 10 10 20 10 30 40 50 60 70 80 10 10 20 10 30 40 50 60 70 80 10 10 20 10 30 40 50 60 70 80 10 10 20 10 30 40 50 60 70 80 10 10 20 10 30 40 50 60 70 80 10 
20 30 20 40 50 40 70 80 80 10 10 20 10 30 40 50 60 70 80 10 10 20 10 30 40 50 60 70 80 10 10 20 10 30 40 50 60 70 80 10 10 20 10 30 40 50 60 70 80 10 10 20 10 30 40 50 60 70 80 10 10 20 10 30 40 50 60 70 80 10 10 20 10 30 40 50 60 70 80 10 10 20 10 30 40 50 60 70 80 10 10 20 10 30 40 50 60 70 80 10 